11
[(157, 100, 2.4022891072715313, 0), (62, 64, 0.03697566183052037, 1), (67, 164, 0.8980620695172644, 1), (70, 55, 2.9914906809357698, 3), (85, 25, 2.5288433011824396, 1), (89, 46, 2.7715430451732717, 1), (99, 37, 2.5476527788547885, 1), (105, 59, 2.883371234008398, 1), (112, 152, 0.7708973816137202, 1), (113, 28, 2.359402950249862, 1), (117, 71, 2.988074031690297, 1), (119, 20, 2.2855555016620013, 3), (123, 85, 0.13857826594975453, 3), (141, 69, 2.5711050320979476, 3), (156, 154, 1.0432754062941922, 1), (161, 91, 2.3192833910841717, 3), (168, 75, 2.0570864865570266, 3), (176, 94, 1.4050901493944787, 3), (177, 121, 1.5426972488416981, 3), (181, 23, 1.8336223354083625, 1), (182, 86, 1.4178759739933497, 3)]
12
[(82, 115, 2.42162839160866, 0), (57, 134, 0.8086090267140491, 1), (68, 30, 2.019218197259617, 1), (68, 79, 2.1033028068402824, 3), (70, 120, 0.5179554842627512, 3), (75, 160, 1.0419543825049646, 1), (76, 111, 2.7468397649072154, 3), (80, 100, 2.227305421753346, 3), (84, 57, 1.9084973820068845, 1), (88, 114, 2.0145404338948074, 3), (96, 126, 1.0846323992507803, 3), (113, 31, 1.843727284576868, 1), (116, 73, 1.4778506952825532, 3), (117, 42, 1.7056857922884527, 3), (120, 118, 1.1378360664589728, 3), (127, 63, 1.4398464516476106, 1), (150, 31, 1.5786189029635054, 3), (167, 48, 0.91164697683318, 1), (170, 63, 0.8473441041626233, 1), (171, 114, 0.6212973130649876, 1), (176, 139, 0.37214613817096986, 3), (176, 156, 0.3042712689725833, 3), (181, 40, 0.5672872081022255, 1)]
13
[(136, 106, 2.7661071594410673, 0), (19, 76, 2.9125501230923145, 1), (35, 71, 2.699003862694558, 1), (49, 55, 2.460286671600082, 1), (55, 51, 2.4383284381196817, 1), (61, 136, 0.6771348055091649, 1), (68, 159, 1.0276185471025967, 1), (75, 114, 0.40086843651812765, 3), (76, 146, 0.8035572324211628, 1), (77, 161, 1.089653480401592, 1), (87, 107, 0.19676365013278185, 3), (96, 163, 0.9299550323161148, 3), (101, 88, 2.6928724408723745, 1), (117, 132, 0.7944845115521091, 3), (119, 51, 2.25374693557369, 1), (129, 105, 2.9334035059683408, 1), (136, 83, 2.149790527873053, 1), (141, 100, 2.0858790629730515, 3), (147, 17, 2.0819551174289193, 1), (151, 67, 1.871824883620478, 3), (159, 116, 1.0823059795710726, 1), (174, 66, 1.566324382084928, 3)]
14
[(106, 76, 0.22035173766465088, 0), (16, 84, 0.08568869214731034, 3), (19, 63, 2.790979190409992, 3), (28, 38, 2.502003878059055, 1), (28, 119, 0.7446014365289798, 1), (31, 113, 0.6949629408422332, 1), (52, 152, 0.9358963508218857, 3), (57, 117, 0.8380007926710675, 3), (59, 80, 0.1227951485601555, 3), (64, 97, 0.6843203004621393, 1), (65, 88, 0.4609953569771239, 3), (71, 129, 0.9921414112883176, 1), (76, 117, 0.9794135411190825, 3), (81, 123, 1.0279954936592157, 3), (98, 16, 2.169067081581648, 1), (100, 151, 1.0112358643476544, 3), (103, 108, 1.0269623715825675, 3), (104, 86, 0.6682731067903468, 3), (114, 154, 1.0221580135390567, 3), (116, 25, 2.1202157705084677, 3), (116, 74, 1.3501485125567725, 3), (116, 85, 1.0006447700554932, 3), (122, 70, 1.5685036161423667, 1), (127, 88, 1.1937348212169088, 3), (134, 73, 1.4182376689396303, 1), (149, 14, 1.9994099297667511, 1), (149, 33, 1.7384999200563447, 1), (150, 43, 1.5265817510563082, 3), (151, 156, 0.9282184320554197, 3), (152, 131, 0.9502562504880198, 3), (154, 96, 1.0547755140198753, 3), (158, 45, 1.3080773436639874, 3), (166, 126, 0.866607783368962, 1), (169, 114, 0.8327024483978352, 3), (178, 82, 0.7695876927850894, 1), (181, 57, 0.7964907330461316, 1), (181, 105, 0.6543745648738221, 3), (182, 44, 0.7657481205141158, 1)]
15
[(154, 79, 0.3073110934320167, 0), (24, 65, 2.4684210089941208, 3), (26, 147, 0.24139321532668356, 1), (48, 120, 3.0559559036160957, 1), (58, 144, 0.5492253264707658, 3), (74, 77, 2.4294655809984214, 1), (85, 88, 2.6388812714916274, 1), (90, 68, 2.4244838891417384, 1), (108, 91, 2.855322077750467, 3), (113, 124, 0.7623189197646237, 3), (117, 145, 0.7887776865545073, 1), (123, 95, 0.036781923709303, 3), (129, 149, 0.7141917030422142, 3), (132, 60, 2.3162649732033844, 1), (133, 80, 2.7471281086412893, 1), (138, 90, 0.207657742808802, 3), (144, 79, 2.9832132493436747, 1), (147, 150, 0.9795235406542093, 1), (154, 97, 0.9433251133751597, 3), (161, 42, 1.9682168093687853, 1), (161, 122, 1.0488590153881558, 1), (167, 144, 1.1123755497507135, 1), (173, 137, 1.180119734525754, 1), (185, 58, 0.5118365750509641, 1)]
16
[(136, 58, 0.16625496343490664, 0), (20, 116, 0.41880159785915283, 3), (34, 110, 0.4041285851333396, 3), (42, 17, 2.3434041028491, 1), (48, 137, 0.6297439335801375, 1), (77, 104, 0.5855721592571618, 1), (80, 15, 2.2957199761802514, 1), (85, 42, 2.3948652368928975, 1), (94, 65, 3.0352903768768393, 3), (101, 114, 0.7481027836380596, 1), (112, 53, 2.588454281176345, 1), (112, 158, 1.0444986802271723, 1), (116, 92, 0.8109194289851203, 1), (119, 67, 0.3047987619772421, 1), (131, 114, 1.050409226357756, 1), (143, 159, 1.2513015822061975, 1), (151, 17, 1.694372494134964, 3), (152, 133, 1.2772549788948626, 3), (162, 40, 1.0524247982571586, 3), (171, 54, 3.0186511164846923, 1), (185, 93, 1.7912530642011681, 1), (185, 137, 1.287068058730964, 1)]
17
[(169, 103, 0.28004084696423237, 0), (14, 128, 0.2567775049016765, 1), (60, 84, 2.64134617319403, 1), (79, 131, 0.47171872473740883, 1), (96, 95, 2.7181833997504135, 3), (108, 41, 2.186499548894285, 1), (108, 70, 2.3451397682298003, 1), (116, 112, 0.15367626365493714, 3), (118, 120, 0.4043010392748789, 3), (123, 36, 2.1431974234108466, 3), (129, 104, 2.98085076136179, 3), (136, 46, 2.1701128245141224, 1), (139, 147, 0.7221081447250554, 1), (149, 93, 2.632134303937015, 3), (151, 146, 0.8071373709019976, 1), (155, 119, 0.6564144144215721, 3), (158, 92, 2.5401483305781163, 3), (166, 128, 0.9159406184024762, 3), (173, 119, 1.000626151582509, 1), (174, 132, 0.9866098819160349, 3), (179, 19, 1.8797237701497562, 3), (184, 162, 0.7974154886040158, 3), (185, 47, 2.070748236351029, 1)]
18
[(169, 106, 2.737424146498683, 0), (16, 80, 3.1167455616269426, 1), (22, 133, 0.6014476481035265, 1), (32, 42, 2.6013098937435686, 1), (33, 113, 0.47302571352083533, 1), (33, 144, 0.7232897754110929, 1), (34, 90, 0.04486654574002502, 3), (37, 157, 0.8288866653751528, 1), (49, 53, 2.6556093895886193, 1), (55, 128, 0.5844967914177472, 1), (67, 74, 2.771296519526592, 3), (86, 146, 0.8286163987653927, 1), (98, 137, 0.757822358618156, 3), (101, 113, 0.4164403187373018, 3), (110, 63, 2.4429272824633252, 3), (111, 137, 0.7606800239811193, 1), (114, 55, 2.4066910287257683, 1), (121, 103, 0.16526389427960098, 1), (124, 156, 0.8215595721784987, 1), (132, 88, 2.716981985785229, 1), (147, 128, 0.7543810260525952, 3), (150, 52, 2.2418815261855807, 1), (161, 105, 2.9803213633499572, 1), (167, 85, 2.167245131629662, 1), (176, 112, 0.979254374988808, 1)]
